60369
75395
10298
21345
60383
75370
10328
71820

76427
75350
75332
60388
60316
42182
10311
42143
21028
42167
21034
71784
10321
76262
75308
10327
10281
43247
10303
75331
21056
21338
75356
21061
21058
21336
75313
75380
42615
75364
60436
21265
40573
42626
43240
60415
21333
10782
31088
42630
60437
42157
40647
60423
75192
21352
10369
76287
10274
31124
75345
10315
31147
71426
10996
75344
76435
40639
10306
10309
76964
76389
75389
10341
75363
71439
10300
77048
42637
11026
21347
75348
42164
71809
76914
60409
41737
42151
60362
42173
60312
42163
43249
42141
10330
76429
42603
40524
40725
42161
71428
21247
71374
10794
31213
76434
31145
40698
76995
10793
10368
76264
75379
31208
43233
42174
75304
10338
75381
43214
75328
60400
60399
31140
75325
71437
75333
76438
40499
75371
40640
60391
43243
42165
60408
43253
21335
42172
11027
76960
71821
76288
60407
11037
31087
76266
21179
75583
76958
77046
75378
77050
76297
76269
71786
43212
43237
75337
10696
71429
10329
42175
42177
76279
75372
75373
60441
21346
76922
42171
60413
42179
42155
10786
75355
75359
75361
75391
10882
10339
76425
10785
60370
10792
42169
10280
42156
76923
40460
31136
10273